2
3
5003
5
7
5009
11
5011
13
17
19
5021
23
5023
29
31
37
5039
41
43
47
5051
53
59
5059
61
67
71
73
5077
79
5081
83
5087
89
97
5099
101
5101
103
107
5107
109
113
5113
5119
127
131
137
139
5147
149
151
5153
157
163
167
5167
5171
173
179
5179
181
5189
191
193
197
5197
199
5209
211
223
227
5227
229
5231
233
5233
5237
239
241
251
257
5261
263
269
271
5273
277
5279
281
5281
283
293
5297
5303
307
5309
311
313
317
5323
331
5333
337
347
5347
349
5351
353
359
367
373
379
5381
383
5387
389
5393
397
5399
401
5407
409
5413
5417
419
5419
421
431
5431
433
5437
439
5441
443
5443
449
5449
457
461
463
467
5471
5477
479
5479
5483
487
491
499
5501
503
5503
5507
509
5519
521
5521
523
5527
5531
541
547
557
5557
563
5563
569
5569
571
5573
577
5581
587
5591
593
599
601
607
613
617
619
5623
631
5639
641
5641
643
647
5647
5651
653
5653
5657
659
5659
661
5669
673
677
683
5683
5689
691
5693
701
5701
709
5711
5717
719
727
733
5737
739
5741
743
5743
5749
751
757
761
769
773
5779
5783
787
5791
797
5801
5807
809
811
5813
821
5821
823
827
5827
829
839
5839
5843
5849
5851
853
857
5857
859
5861
863
5867
5869
877
5879
881
5881
883
887
5897
5903
907
911
919
5923
5927
929
937
5939
941
947
953
5953
967
971
977
5981
983
5987
991
997
6007
1009
6011
1013
1019
1021
6029
1031
1033
6037
1039
6043
6047
1049
1051
6053
1061
1063
6067
1069
6073
6079
1087
6089
1091
6091
1093
1097
6101
1103
1109
6113
1117
6121
1123
1129
6131
6133
6143
1151
6151
1153
1163
6163
1171
6173
1181
1187
1193
6197
6199
1201
6203
6211
1213
1217
6217
6221
1223
1229
6229
1231
1237
6247
1249
6257
1259
6263
6269
6271
1277
6277
1279
1283
6287
1289
1291
1297
6299
1301
6301
1303
1307
6311
6317
1319
1321
6323
1327
6329
6337
6343
6353
6359
1361
6361
1367
6367
1373
6373
6379
1381
6389
6397
1399
1409
6421
1423
1427
6427
1429
1433
1439
1447
6449
1451
6451
1453
1459
6469
1471
6473
1481
6481
1483
1487
1489
6491
1493
1499
1511
6521
1523
6529
1531
1543
6547
1549
6551
1553
6553
1559
6563
1567
6569
1571
6571
6577
1579
6581
1583
1597
6599
1601
1607
6607
1609
1613
1619
6619
1621
1627
1637
6637
6653
1657
6659
6661
1663
1667
1669
6673
6679
6689
6691
1693
1697
1699
6701
6703
1709
6709
6719
1721
1723
1733
6733
6737
1741
1747
1753
1759
6761
6763
1777
6779
6781
1783
1787
1789
6791
6793
1801
6803
1811
1823
6823
6827
6829
1831
6833
6841
1847
6857
1861
6863
1867
6869
1871
6871
1873
1877
1879
6883
1889
6899
1901
1907
6907
6911
1913
6917
1931
1933
6947
1949
6949
1951
6959
6961
6967
6971
1973
6977
1979
6983
1987
6991
1993
1997
6997
1999
7001
2003
2011
7013
2017
7019
2027
7027
2029
2039
7039
7043
2053
7057
2063
2069
7069
7079
2081
2083
2087
2089
2099
7103
7109
2111
2113
7121
7127
2129
7129
2131
2137
2141
2143
7151
2153
7159
2161
7177
2179
7187
7193
2203
2207
7207
7211
2213
7213
7219
2221
7229
2237
7237
2239
2243
7243
7247
2251
7253
2267
2269
2273
2281
7283
2287
2293
2297
7297
7307
2309
7309
2311
7321
7331
2333
7333
2339
2341
2347
7349
2351
7351
2357
7369
2371
2377
2381
2383
2389
2393
7393
2399
2411
7411
2417
7417
2423
7433
2437
2441
2447
7451
7457
2459
7459
2467
2473
2477
7477
7481
7487
7489
7499
2503
7507
7517
2521
7523
7529
2531
7537
2539
7541
2543
7547
2549
7549
2551
2557
7559
7561
7573
7577
2579
7583
7589
2591
7591
2593
7603
7607
2609
2617
2621
7621
2633
7639
7643
2647
7649
2657
2659
2663
7669
2671
7673
2677
7681
2683
2687
7687
2689
7691
2693
2699
7699
7703
2707
2711
2713
7717
2719
7723
7727
2729
2731
2741
7741
2749
2753
7753
7757
7759
2767
2777
2789
7789
2791
7793
2797
2801
2803
7817
2819
7823
7829
2833
2837
7841
2843
2851
7853
2857
2861
7867
7873
7877
2879
7879
7883
2887
2897
7901
2903
7907
2909
2917
7919
2927
7927
7933
7937
2939
7949
7951
2953
2957
2963
7963
2969
2971
7993
2999
3001
8009
3011
8011
8017
3019
3023
3037
8039
3041
3049
8053
8059
3061
3067
8069
3079
8081
3083
8087
3089
8089
8093
8101
3109
8111
8117
3119
3121
8123
3137
8147
8161
3163
3167
8167
3169
8171
8179
3181
3187
3191
8191
3203
3209
8209
3217
8219
3221
8221
3229
8231
8233
8237
8243
3251
3253
3257
3259
8263
8269
3271
8273
8287
8291
8293
8297
3299
3301
3307
8311
3313
8317
3319
3323
3329
8329
3331
3343
3347
8353
3359
3361
8363
8369
3371
3373
8377
8387
3389
8389
3391
3407
3413
8419
8423
8429
8431
3433
8443
8447
3449
3457
3461
8461
3463
3467
8467
3469
3491
3499
8501
3511
8513
3517
8521
3527
8527
3529
3533
8537
3539
8539
3541
8543
3547
3557
3559
8563
3571
8573
3581
8581
3583
3593
8597
8599
3607
8609
3613
3617
3623
8623
8627
8629
3631
3637
8641
3643
8647
3659
8663
8669
3671
3673
3677
8677
8681
8689
3691
8693
3697
8699
3701
8707
3709
8713
3719
8719
3727
8731
3733
8737
3739
8741
8747
8753
3761
8761
3767
3769
3779
8779
8783
3793
3797
3803
8803
8807
8819
3821
8821
3823
8831
3833
8837
8839
3847
8849
3851
3853
8861
3863
8863
8867
3877
3881
8887
3889
8893
3907
3911
3917
3919
3923
8923
3929
8929
3931
8933
8941
3943
3947
8951
8963
3967
8969
8971
3989
8999
4001
9001
4003
4007
9007
9011
4013
9013
4019
4021
4027
9029
9041
9043
4049
9049
4051
4057
9059
9067
4073
4079
4091
9091
4093
4099
9103
9109
4111
4127
9127
4129
4133
9133
9137
4139
9151
4153
4157
9157
4159
9161
9173
4177
9181
9187
9199
4201
9203
9209
4211
4217
4219
9221
9227
4229
4231
9239
4241
9241
4243
4253
9257
4259
4261
4271
4273
9277
9281
4283
9283
4289
9293
4297
9311
9319
9323
4327
4337
9337
4339
9341
9343
4349
9349
4357
4363
9371
4373
9377
4391
9391
4397
9397
9403
4409
9413
9419
4421
9421
4423
9431
9433
9437
9439
4441
4447
4451
4457
9461
4463
9463
9467
9473
9479
4481
4483
9491
4493
9497
4507
9511
4513
4517
4519
9521
4523
9533
9539
4547
9547
4549
9551
4561
4567
4583
9587
4591
4597
9601
4603
9613
9619
4621
9623
9629
9631
4637
4639
4643
9643
4649
9649
4651
4657
9661
4663
4673
9677
4679
9679
9689
4691
9697
4703
9719
4721
9721
4723
4729
4733
9733
9739
9743
9749
4751
4759
9767
9769
9781
4783
4787
9787
4789
9791
4793
4799
4801
9803
9811
4813
4817
9817
9829
4831
9833
9839
9851
9857
9859
4861
4871
9871
4877
9883
9887
4889
9901
4903
9907
4909
4919
9923
9929
4931
9931
4933
4937
9941
4943
9949
4951
4957
4967
9967
4969
4973
9973
4987
4993
4999
009
5087
55021
5099
5101
5107
5113
5119
55049
55051
55057
55061
5147
55073
5153
55079
5167
5171
5179
55103
55109
5189
55117
5197
55127
5209
55147
5227
5231
5233
5237
55163
55171
5261
5273
5279
55201
5281
55207
55213
55217
5297
55219
5303
55229
5309
55243
5323
55249
5333
55259
5347
5351
55291
5381
5387
55313
5393
5399
5407
55331
5413
55333
5417
55337
5419
55339
55343
5431
55351
5437
5441
5443
5449
55373
55381
5471
5477
5479
55399
5483
55411
5501
5503
5507
5519
55439
5521
55441
5527
5531
55457
55469
5557
5563
55487
5569
5573
5581
55501
5591
55511
55529
5623
55541
55547
5639
5641
5647
5651
5653
5657
5659
55579
5669
55589
5683
55603
5689
55609
5693
5701
55619
55621
5711
55631
55633
5717
55639
5737
5741
5743
55661
55663
5749
55667
55673
55681
55691
5779
55697
5783
5791
55711
5801
55717
55721
5807
5813
55733
5821
5827
5839
5843
5849
55763
5851
5857
5861
5867
5869
55787
5879
55793
5881
55799
55807
5897
55813
5903
55817
55819
55823
55829
5923
55837
5927
55843
55849
5939
5953
55871
55889
5981
55897
5987
55901
55903
6007
55921
6011
55927
55931
55933
6029
6037
55949
6043
6047
6053
55967
6067
6073
55987
6079
55997
6089
6091
56003
56009
6101
6113
6121
56039
6131
56041
6133
6143
56053
6151
6163
56081
6173
56087
56093
56099
56101
6197
6199
6203
56113
6211
56123
6217
6221
56131
6229
56149
6247
6257
56167
6263
56171
6269
6271
56179
6277
6287
56197
6299
56207
6301
56209
6311
6317
6323
6329
56237
56239
6337
56249
6343
6353
56263
6359
56267
6361
56269
6367
6373
6379
6389
56299
6397
56311
6421
6427
56333
6449
6451
56359
56369
6469
56377
6473
56383
6481
56393
6491
56401
56417
6521
56431
6529
56437
56443
6547
56453
6551
6553
56467
6563
56473
6569
6571
56477
56479
6577
6581
56489
56501
6599
56503
56509
6607
56519
6619
56527
56531
56533
6637
56543
6653
6659
6661
56569
6673
6679
6689
56591
6691
56597
56599
6701
6703
6709
56611
6719
56629
56633
6733
6737
56659
6761
56663
6763
56671
6779
56681
6781
56687
6791
6793
56701
6803
56711
56713
6823
6827
6829
56731
6833
56737
6841
56747
6857
6863
56767
6869
6871
56773
56779
6883
56783
6899
6907
56807
56809
6911
56813
6917
56821
56827
56843
6947
6949
6959
56857
6961
6967
6971
56873
6977
6983
6991
56891
56893
6997
56897
7001
56909
7013
56911
7019
56921
7027
56923
56929
7039
7043
56941
56951
7057
56957
56963
7069
7079
56983
56989
56993
7103
56999
7109
7121
7127
7129
57037
57041
7151
57047
7159
57059
7177
57073
57077
7187
7193
57089
57097
7207
7211
7213
57107
7219
57119
7229
7237
57131
7243
57139
7247
57143
7253
57149
57163
57173
7283
57179
7297
57191
57193
7307
7309
57203
7321
57221
7331
57223
7333
7349
57241
7351
57251
57259
7369
57269
57271
7393
57283
57287
7411
57301
7417
7433
57329
57331
7451
7457
57347
7459
57349
7477
57367
7481
57373
7487
7489
57383
7499
57389
7507
57397
7517
7523
57413
7529
7537
57427
7541
7547
7549
7559
7561
57457
7573
7577
57467
7583
7589
7591
57487
7603
57493
7607
57503
7621
7639
57527
57529
7643
7649
7669
57557
57559
7673
7681
57571
7687
7691
7699
57587
7703
57593
57601
7717
7723
7727
7741
57637
7753
57641
7757
7759
57649
57653
57667
7789
7793
57679
57689
57697
7817
7823
57709
57713
7829
57719
7841
57727
57731
7853
57737
7867
57751
7873
7877
7879
7883
57773
57781
7901
57787
7907
57791
57793
7919
57803
57809
7927
7933
7937
57829
7949
7951
57839
7963
57847
57853
57859
7993
57881
8009
8011
8017
57899
57901
57917
8039
57923
8053
8059
57943
57947
8069
8081
8087
8089
8093
57973
57977
8101
8111
57991
8117
8123
58013
8147
58027
58031
8161
58043
8167
58049
8171
58057
8179
58061
58067
8191
58073
8209
8219
8221
58099
8231
58109
8233
58111
8237
8243
58129
8263
8269
58147
8273
58151
58153
8287
8291
58169
8293
58171
8297
8311
58189
8317
58193
58199
8329
58207
58211
58217
8353
58229
58231
58237
8363
58243
8369
8377
8387
8389
58271
8419
8423
8429
8431
58309
58313
8443
8447
58321
8461
58337
8467
58363
58367
58369
8501
58379
8513
58391
58393
8521
8527
58403
8537
8539
58411
8543
58417
58427
8563
58439
58441
8573
58451
8581
58453
8597
8599
58477
8609
58481
8623
8627
8629
58511
8641
8647
8663
58537
8669
58543
8677
58549
8681
8689
8693
58567
8699
58573
8707
58579
8713
8719
8731
58601
58603
8737
8741
58613
8747
8753
8761
58631
8779
8783
58657
58661
8803
8807
58679
58687
8819
8821
58693
58699
8831
8837
8839
58711
8849
58727
8861
8863
58733
8867
58741
8887
58757
8893
58763
58771
58787
58789
8923
8929
8933
8941
8951
8963
58831
8969
8971
8999
9001
9007
9011
9013
58889
9029
58897
58901
58907
9041
58909
9043
58913
9049
58921
9059
9067
58937
58943
9091
58963
58967
9103
9109
58979
58991
9127
58997
9133
9137
59009
59011
9151
59021
9157
59023
9161
59029
9173
9181
9187
59051
59053
9199
59063
9203
59069
9209
59077
59083
9221
9227
59093
9239
9241
59107
59113
59119
9257
59123
9277
59141
9281
9283
59149
9293
59159
59167
9311
9319
59183
9323
59197
9337
9341
9343
59207
59209
9349
59219
59221
9371
59233
9377
59239
59243
9391
9397
59263
9403
59273
9413
9419
59281
9421
9431
9433
9437
9439
9461
9463
9467
9473
59333
9479
59341
9491
59351
9497
59357
59359
59369
9511
59377
9521
59387
9533
59393
9539
59399
9547
59407
9551
59417
59419
59441
59443
9587
59447
59453
9601
59467
9613
59471
59473
9619
9623
9629
9631
59497
9643
9649
59509
59513
9661
9677
9679
59539
9689
9697
59557
59561
59567
9719
9721
59581
9733
9739
9743
9749
59611
59617
59621
9767
9769
59627
59629
9781
9787
9791
59651
9803
59659
59663
9811
59669
9817
59671
9829
9833
9839
59693
59699
9851
59707
9857
9859
59723
9871
59729
9883
9887
59743
59747
59753
9901
9907
59771
9923
59779
9929
9931
59791
9941
59797
9949
59809
9967
9973
59833
10007
10009
59863
59879
59887
10037
10039
10061
10067
10069
59921
59929
10079
10091
10093
10099
59951
10103
59957
10111
59971
59981
10133
10139
10141
59999
10151
10159
10163
60013
60017
10169
10177
60029
10181
60037
60041
10193
10211
10223
60077
60083
60089
10243
60091
10247
10253
60101
60103
10259
60107
10267
10271
10273
60127
60133
10289
60139
10301
60149
10303
10313
60161
60167
10321
60169
10331
10333
10337
10343
10357
60209
10369
60217
60223
10391
10399
60251
60257
60259
60271
10427
10429
10433
60289
60293
10453
10457
10459
10463
60317
10477
60331
10487
60337
60343
10499
10501
60353
10513
60373
10529
10531
60383
60397
10559
10567
60413
60427
10589
10597
60443
10601
60449
10607
10613
60457
10627
10631
10639
60493
10651
60497
10657
10663
60509
10667
60521
60527
10687
10691
60539
10709
10711
10723
10729
10733
10739
60589
10753
60601
60607
60611
10771
60617
10781
60623
10789
60631
60637
10799
60647
60649
60659
60661
10831
10837
60679
10847
60689
10853
10859
10861
60703
10867
60719
10883
60727
10889
10891
60733
60737
10903
10909
60757
60761
60763
60773
10937
10939
60779
10949
60793
10957
10973
60811
10979
60821
10987
10993
11003
60859
11027
60869
11047
60887
60889
11057
11059
60899
60901
11069
11071
60913
60917
60919
11083
11087
60923
11093
60937
60943
11113
11117
60953
11119
60961
11131
11149
11159
11161
61001
11171
61007
11173
11177
61027
61031
11197
61043
11213
61051
61057
11239
11243
11251
61091
11257
11261
61099
11273
11279
61121
11287
61129
11299
61141
11311
11317
61151
61153
11321
11329
61169
11351
11353
11369
61211
11383
61223
11393
61231
11399
11411
61253
11423
61261
11437
11443
11447
61283
61291
61297
11467
11471
11483
11489
11491
11497
61331
61333
11503
61339
61343
11519
61357
11527
61363
61379
11549
61381
11551
61403
61409
11579
61417
11587
11593
11597
61441
11617
11621
61463
11633
61469
61471
61483
11657
61487
61493
11677
61507
11681
61511
11689
61519
11699
11701
61543
11717
61547
11719
61553
11731
61559
61561
11743
61583
61603
11777
11779
61609
11783
61613
11789
61627
11801
61631
11807
61637
11813
61643
11821
61651
11827
11831
61657
11833
11839
61667
61673
61681
61687
11863
11867
61703
11887
61717
11897
61723
11903
61729
11909
11923
61751
11927
61757
11933
11939
11941
11953
61781
11959
11969
11971
11981
11987
61813
61819
12007
12011
61837
61843
12037
61861
12041
12043
61871
12049
61879
12071
12073
61909
12097
12101
61927
12107
12109
61933
12113
12119
61949
61961
12143
61967
12149
61979
12157
61981
12161
12163
61987
61991
62003
62011
62017
12197
12203
12211
62039
62047
12227
62053
62057
12239
12241
62071
12251
12253
62081
12263
12269
12277
62099
12281
12289
62119
12301
62129
62131
62137
62141
12323
62143
12329
12343
12347
62171
62189
62191
12373
12377
12379
62201
62207
12391
62213
12401
62219
12409
12413
62233
12421
12433
12437
12451
62273
12457
12473
12479
62297
62299
62303
12487
12491
62311
12497
12503
62323
62327
12511
12517
12527
62347
62351
12539
12541
12547
12553
62383
12569
12577
12583
62401
12589
62417
12601
62423
12611
12613
12619
12637
12641
62459
12647
62467
12653
62473
12659
62477
62483
12671
62497
62501
12689
62507
12697
12703
12713
62533
12721
62539
62549
12739
12743
62563
12757
12763
62581
62591
12781
62597
62603
12791
12799
62617
12809
62627
62633
12821
12823
62639
12829
62653
12841
62659
12853
62683
62687
62701
12889
12893
12899
12907
62723
12911
12917
62731
12919
12923
62743
62753
12941
62761
12953
12959
62773
12967
12973
12979
62791
12983
62801
13001
13003
13007
62819
13009
62827
13033
13037
62851
13043
13049
62861
62869
62873
13063
62897
62903
13093
13099
13103
13109
62921
62927
62929
13121
13127
62939
13147
13151
13159
62969
62971
13163
13171
62981
62983
13177
62987
62989
13183
13187
13217
13219
63029
63031
13229
13241
13249
63059
63067
13259
63073
13267
63079
63097
13291
63103
13297
63113
13309
13313
63127
63131
13327
13331
13337
13339
63149
13367
63179
13381
63197
63199
13397
13399
63211
13411
13417
13421
63241
63247
13441
13451
13457
13463
13469
63277
63281
13477
13487
63299
13499
63311
63313
63317
13513
13523
63331
63337
13537
63347
63353
13553
63361
63367
13567
63377
13577
63389
63391
13591
63397
13597
63409
13613
63419
63421
13619
13627
13633
63439
63443
13649
63463
63467
13669
63473
13679
13681
63487
13687
63493
13691
13693
63499
13697
13709
13711
63521
13721
13723
63527
13729
63533
63541
13751
13757
63559
13759
13763
63577
13781
63587
63589
13789
63599
13799
63601
63607
13807
63611
63617
63629
13829
13831
13841
63647
63649
63659
13859
63667
63671
13873
13877
13879
13883
63689
63691
63697
13901
13903
63703
13907
63709
13913
63719
13921
63727
13931
13933
63737
63743
63761
13963
13967
63773
63781
63793
13997
13999
63799
63803
14009
14011
63809
63823
14029
14033
63839
63841
14051
63853
14057
63857
63863
14071
14081
14083
14087
63901
14107
63907
63913
63929
14143
14149
14153
63949
14159
14173
14177
63977
14197
63997
14207
64007
64013
14221
64019
64033
14243
64037
14249
14251
64063
64067
14281
64081
14293
64091
14303
64109
14321
14323
14327
64123
14341
14347
64151
64153
64157
14369
64171
14387
14389
64187
64189
14401
14407
14411
14419
14423
64217
14431
64223
14437
64231
64237
14447
14449
14461
14479
64271
64279
14489
64283
14503
64301
64303
14519
64319
14533
64327
14537
14543
64333
14549
14551
14557
14561
14563
64373
14591
64381
14593
64399
64403
14621
14627
14629
14633
14639
64433
64439
14653
14657
64451
64453
14669
14683
64483
14699
64489
64499
14713
14717
14723
64513
14731
14737
14741
14747
14753
14759
64553
14767
14771
64567
14779
14783
64577
64579
14797
64591
14813
64601
14821
64609
64613
14827
14831
64621
64627
14843
64633
14851
14867
14869
64661
64663
14879
64667
14887
14891
64679
14897
64693
14923
64709
14929
64717
14939
14947
14951
14957
64747
14969
64763
14983
64781
64783
64793
15013
15017
64811
15031
64817
15053
15061
64849
64853
15073
15077
15083
64871
15091
64877
64879
15101
64891
15107
64901
15121
15131
64919
15137
64921
15139
64927
15149
64937
15161
64951
15173
64969
15187
15193
15199
64997
15217
65003
15227
65011
15233
15241
65027
65029
65033
15259
15263
15269
15271
65053
15277
65063
15287
15289
65071
15299
15307
65089
15313
65099
15319
65101
15329
65111
15331
65119
65123
65129
15349
15359
65141
15361
65147
15373
15377
15383
65167
65171
15391
65173
65179
15401
65183
15413
65203
15427
65213
15439
15443
15451
65239
15461
15467
15473
65257
65267
65269
15493
15497
65287
15511
65293
15527
65309
15541
65323
65327
15551
15559
15569
65353
65357
15581
15583
65371
15601
65381
15607
65393
15619
15629
65407
65413
15641
65419
15643
65423
15647
15649
65437
15661
15667
65447
15671
65449
15679
15683
65479
65497
15727
15731
15733
15737
15739
65519
65521
15749
15761
65537
65539
15767
65543
15773
65551
65557
15787
65563
15791
15797
15803
65579
65581
15809
65587
15817
15823
65599
65609
65617
65629
15859
65633
65647
15877
65651
15881
65657
15887
15889
15901
65677
15907
15913
65687
15919
15923
65699
65701
65707
15937
65713
65717
65719
65729
15959
65731
15971
15973
65761
15991
16001
16007
65777
65789
16033
65809
16057
65827
16061
65831
16063
16067
65837
16069
65839
16073
65843
65851
16087
16091
16097
65867
16103
16111
65881
16127
65899
16139
16141
65921
65927
65929
16183
65951
16187
16189
65957
16193
65963
65981
65983
16217
16223
65993
16229
16231
16249
16253
66029
16267
66037
16273
66041
66047
66067
16301
66071
66083
16319
66089
16333
66103
16339
66107
66109
16349
16361
16363
16369
66137
16381
66161
66169
66173
16411
66179
16417
16421
66191
16427
16433
16447
16451
16453
66221
66239
16477
16481
16487
16493
66271
16519
16529
66293
66301
16547
16553
16561
16567
16573
66337
66343
66347
66359
66361
16603
16607
66373
66377
16619
66383
16631
16633
66403
16649
16651
66413
16657
16661
66431
16673
66449
16691
16693
66457
16699
66463
16703
66467
16729
66491
66499
16741
16747
66509
16759
16763
66523
66529
66533
66541
16787
66553
66569
16811
66571
16823
66587
16829
16831
66593
66601
16843
66617
16871
66629
16879
16883
66643
16889
66653
16901
16903
16921
66683
16927
16931
16937
66697
16943
66701
66713
16963
66721
66733
16979
16981
66739
16987
66749
16993
66751
66763
17011
17021
17027
17029
17033
66791
66797
17041
17047
66809
17053
66821
17077
66841
17093
66851
66853
17099
17107
66863
17117
66877
17123
66883
66889
17137
17159
66919
17167
66923
66931
17183
66943
17189
17191
66947
66949
17203
66959
17207
17209
66973
66977
17231
17239
67003
17257
67021
67033
67043
17291
17293
67049
17299
67057
67061
17317
67073
17321
67079
17327
17333
17341
67103
17351
17359
67121
67129
17377
17383
17387
67139
17389
67141
17393
17401
67153
67157
17417
67169
17419
67181
17431
67187
67189
17443
17449
67211
67213
67217
17467
67219
17471
17477
67231
17483
17489
17491
17497
67247
17509
67261
17519
67271
67273
17539
67289
17551
67307
17569
17573
17579
17581
67339
67343
17597
17599
67349
17609
67369
17623
17627
67391
67399
17657
17659
67409
67411
17669
67421
67427
17681
67429
17683
67433
67447
67453
17707
17713
17729
67477
67481
17737
67489
17747
67493
17749
67499
17761
67511
67523
17783
67531
17789
17791
67537
67547
17807
67559
67567
17827
67577
67579
17837
17839
67589
17851
67601
17863
67607
67619
17881
67631
17891
17903
67651
17909
17911
17921
17923
17929
67679
17939
67699
17957
17959
67709
17971
17977
67723
17981
17987
17989
67733
67741
67751
18013
67757
67759
67763
67777
18041
67783
18043
18047
67789
18049
18059
67801
18061
67807
18077
67819
67829
18089
18097
67843
67853
18119
18121
18127
67867
18131
18133
18143
67883
18149
67891
67901
18169
18181
67927
18191
67931
67933
18199
67939
67943
18211
18217
67957
67961
18223
67967
18229
18233
67979
67987
18251
18253
67993
18257
18269
68023
18287
18289
18301
68041
18307
18311
18313
68053
68059
18329
68071
18341
68087
18353
68099
18367
18371
68111
68113
18379
18397
18401
68141
68147
18413
68161
18427
18433
68171
18439
18443
18451
18457
18461
68207
68209
68213
18481
68219
68227
18493
18503
68239
18517
18521
18523
68261
18539
18541
68279
68281
18553
68311
18583
18587
18593
68329
68351
18617
68371
18637
68389
18661
68399
18671
18679
18691
18701
68437
68443
18713
68447
68449
18719
18731
68473
18743
68477
18749
68483
68489
18757
68491
68501
18773
68507
18787
68521
18793
18797
68531
18803
68539
68543
68567
18839
68581
18859
68597
18869
68611
18899
68633
68639
18911
18913
18917
18919
68659
68669
18947
68683
68687
18959
68699
18973
18979
68711
68713
68729
19001
68737
19009
19013
68743
68749
19031
19037
68767
68771
68777
19051
68791
19069
19073
19079
19081
68813
19087
68819
68821
19121
68863
19139
19141
68879
68881
19157
19163
68891
68897
68899
68903
19181
19183
68909
68917
68927
19207
19211
19213
19219
68947
19231
19237
68963
19249
19259
19267
68993
19273
69001
69011
19289
69019
19301
69029
69031
19309
19319
19333
69061
69067
69073
19373
19379
19381
69109
19387
19391
69119
19403
69127
19417
69143
19421
19423
69149
19427
69151
19429
19433
69163
19441
19447
19457
19463
69191
19469
69193
19471
69197
19477
69203
19483
19489
69221
19501
19507
69233
69239
69247
19531
69257
69259
19541
19543
69263
19553
19559
19571
19577
19583
69313
19597
69317
19603
19609
69337
69341
69371
69379
19661
69383
69389
19681
69401
69403
19687
19697
19699
19709
69427
69431
19717
69439
19727
19739
69457
69463
69467
19751
19753
69473
19759
19763
69481
69491
19777
69493
69497
69499
19793
19801
19813
19819
69539
19841
69557
19843
19853
19861
19867
69593
19889
19891
69623
19913
19919
19927
19937
69653
69661
19949
19961
69677
19963
19973
69691
19979
69697
19991
19993
69709
19997
20011
20021
69737
20023
69739
20029
20047
69761
69763
20051
69767
20063
69779
20071
20089
69809
20101
20107
69821
20113
69827
69829
20117
69833
20123
20129
69847
20143
69857
20147
69859
20149
20161
69877
20173
20177
20183
69899
69911
20201
69929
20219
69931
69941
20231
20233
69959
20249
20261
20269
69991
69997
20287
70001
70003
20297
70009
70019
20323
20327
70039
20333
20341
70051
20347
70061
20353
20357
70067
20359
20369
70079
20389
70099
20393
20399
70111
20407
70117
20411
70121
70123
70139
20431
70141
20441
20443
70157
70163
70177
70181
70183
20477
20479
20483
70199
70201
70207
20507
20509
70223
20521
70229
70237
20533
70241
70249
20543
20549
20551
20563
70271
70289
70297
20593
20599
70309
70313
20611
70321
70327
20627
20639
20641
70351
20663
70373
70379
70381
20681
70393
20693
20707
20717
70423
20719
70429
20731
70439
20743
70451
20747
20749
70457
20753
70459
20759
20771
20773
70481
70487
70489
20789
70501
70507
20807
20809
70529
70537
70549
20849
20857
70571
70573
20873
20879
70583
70589
20887
20897
20899
20903
70607
70619
70621
20921
70627
20929
70639
20939
20947
70657
20959
70663
20963
70667
20981
20983
70687
21001
70709
21011
21013
70717
21017
21019
21023
70729
21031
70753
21059
21061
21067
70769
70783
21089
70793
21101
21107
21121
70823
21139
70841
21143
70843
21149
70849
70853
21157
21163
70867
21169
70877
21179
70879
21187
21191
70891
21193
70901
21211
70913
21221
70919
70921
21227
70937
21247
70949
70951
70957
21269
70969
21277
70979
21283
70981
70991
70997
70999
21313
71011
21317
21319
21323
71023
21341
71039
21347
71059
71069
21377
21379
21383
71081
21391
71089
21397
21401
21407
21419
71119
21433
71129
71143
71147
71153
21467
71161
71167
71171
21481
21487
21491
21493
71191
21499
21503
71209
21517
21521
21523
21529
71233
71237
71249
21557
21559
21563
71257
71261
21569
71263
21577
21587
21589
71287
21599
21601
71293
21611
21613
21617
71317
71327
71329
71333
21647
71339
21649
71341
71347
21661
71353
71359
71363
21673
21683
71387
71389
21701
71399
21713
71411
71413
21727
71419
21737
21739
71429
71437
21751
71443
21757
71453
21767
21773
71471
71473
21787
71479
71483
21799
21803
71503
21817
21821
21839
71527
21841
71537
21851
21859
71549
21863
71551
21871
71563
21881
71569
21893
71593
71597
21911
21929
21937
21943
71633
21961
71647
21977
71663
71671
21991
21997
22003
71693
22013
71699
71707
71711
22027
71713
22031
71719
22037
22039
22051
71741
22063
22067
22073
71761
22079
22091
22093
71777
71789
22109
22111
22123
71807
71809
22129
22133
71821
22147
22153
71837
22157
22159
71843
71849
22171
71861
71867
22189
22193
71879
71881
71887
71899
71909
22229
71917
22247
71933
22259
71941
71947
22271
22273
22277
22279
71963
22283
71971
22291
71983
22303
71987
22307
71993
71999
72019
22343
22349
72031
72043
22367
72047
22369
72053
22381
22391
72073
22397
72077
22409
72089
72091
72101
72103
72109
22433
22441
22447
22453
72139
22469
22481
22483
72161
72167
72169
72173
22501
22511
22531
72211
22541
22543
72221
72223
22549
72227
72229
22567
22571
22573
72251
72253
72269
72271
72277
72287
22613
22619
22621
72307
22637
72313
22639
22643
22651
72337
72341
22669
22679
72353
22691
72367
22697
22699
72379
22709
72383
22717
22721
22727
22739
22741
72421
22751
72431
22769
22777
22783
22787
72461
72467
72469
22807
72481
22811
22817
72493
72497
72503
22853
22859
72533
22861
22871
72547
22877
72551
72559
22901
72577
22907
22921
22937
72613
22943
72617
72623
22961
22963
72643
22973
72647
72649
72661
22993
72671
23003
72673
72679
23011
23017
72689
23021
23027
23029
72701
72707
23039
23041
72719
23053
23057
72727
23059
23063
72733
72739
23071
23081
23087
72763
72767
23099
23117
72797
23131
23143
72817
72823
23159
23167
23173
23189
72859
23197
23201
72869
23203
72871
23209
72883
72889
72893
23227
72901
72907
72911
23251
72923
72931
23269
72937
23279
72949
72953
23291
23293
72959
23297
72973
23311
72977
23321
23327
72997
23333
23339
73009
73013
73019
23357
23369
23371
73037
73039
73043
73061
23399
73063
73079
23417
73091
23431
23447
73121
23459
73127
73133
23473
73141
23497
23509
73181
73189
23531
23537
23539
23549
23557
23561
23563
23567
73237
73243
23581
23593
73259
23599
23603
23609
73277
23623
23627
73291
23629
23633
73303
73309
23663
73327
23669
73331
23671
23677
23687
23689
73351
73361
73363
73369
73379
23719
73387
23741
23743
23747
23753
73417
73421
23761
23767
73433
23773
